{
 "cells": [
  {
   "cell_type": "code",
   "execution_count": 1,
   "id": "574cb894-3a76-455d-bdf1-b08367b7f193",
   "metadata": {},
   "outputs": [],
   "source": [
    "%reset -f\n",
    "\n",
    "import numpy as np\n",
    "pi = np.pi\n",
    "deg = np.degrees\n",
    "sin = np.sin\n",
    "cos = np.cos\n",
    "tan = np.tan\n",
    "\n",
    "arcsin = np.arcsin\n",
    "arccos = np.arccos\n",
    "arctan = np.arctan\n",
    "\n",
    "%run \"1维杆函数定义.ipynb\"\n",
    "%run \"2维pin_joint_函数定义.ipynb\"\n",
    "%run \"2维Plane Beam函数定义.ipynb\"\n",
    "\n"
   ]
  },
  {
   "cell_type": "markdown",
   "id": "dd3326d3-2817-426e-b8ab-d16d17c2d723",
   "metadata": {},
   "source": [
    "# 1维杆求解 (单向拉压 u)"
   ]
  },
  {
   "cell_type": "code",
   "execution_count": 44,
   "id": "22e77e17-3ebb-4f7a-a312-a8d21dde7795",
   "metadata": {},
   "outputs": [
    {
     "name": "stdout",
     "output_type": "stream",
     "text": [
      "k1 = \n",
      "[[ 2000. -2000.]\n",
      " [-2000.  2000.]]\n",
      "k2 = \n",
      "[[ 1000. -1000.]\n",
      " [-1000.  1000.]]\n",
      "K = \n",
      "[[ 2000. -2000.     0.]\n",
      " [-2000.  3000. -1000.]\n",
      " [    0. -1000.  1000.]]\n",
      "\n",
      "d =\n",
      "[0.         0.03333333 0.        ]\n",
      "\n",
      "reaction =\n",
      "[-66.66666667   0.         -33.33333333]\n"
     ]
    }
   ],
   "source": [
    "'''变量定义'''\n",
    "EA = 1000.0\n",
    "L = 1.0\n",
    "P = 100.0\n",
    "\n",
    "# 单元刚度矩阵\n",
    "k1 = stiffness_1d(2 * EA, L)\n",
    "k2 = stiffness_1d(EA, L)\n",
    "\n",
    "print(f'k1 = \\n{np.round(k1, 3)}')\n",
    "print(f'k2 = \\n{np.round(k2, 3)}')\n",
    "\n",
    "# 总体刚度矩阵\n",
    "K = assemble_K_1d_chain([k1, k2])\n",
    "\n",
    "print(f'K = \\n{np.round(K, 9)}')\n",
    "\n",
    "\n",
    "# 位移边界条件\n",
    "disp_bc = {\n",
    "    1: 0.0,   # u1 = 0\n",
    "    3: 0.0    # u3 = 0\n",
    "}\n",
    "\n",
    "# 力边界条件：直接写节点编号\n",
    "force_bc = {\n",
    "    2: P      # F2 = P\n",
    "}\n",
    "\n",
    "d, reaction, free_dofs, fixed_dofs = solve_structure_1d(\n",
    "    K,\n",
    "    force_bc=force_bc,\n",
    "    disp_bc=disp_bc,\n",
    "    numbering=\"one\"\n",
    ")\n",
    "\n",
    "print(\"\\nd =\")\n",
    "print(np.round(d, 9))\n",
    "\n",
    "print(\"\\nreaction =\")\n",
    "print(np.round(reaction, 9))"
   ]
  },
  {
   "cell_type": "markdown",
   "id": "f1f479cc-da5d-49b7-b570-dbe4bbd18653",
   "metadata": {},
   "source": [
    "# 2维pin_joint求解 (桁架, 两个方向的位移 u, v)"
   ]
  },
  {
   "cell_type": "code",
   "execution_count": 8,
   "id": "010440e8-eafe-40b2-9bc4-69330dc83aa2",
   "metadata": {},
   "outputs": [
    {
     "name": "stdout",
     "output_type": "stream",
     "text": [
      "k1 = \n",
      "[[ 1800008.57480619 -2400002.50096852 -1800008.57480619  2400002.50096852]\n",
      " [-2400002.50096852  3199991.42519381  2400002.50096852 -3199991.42519381]\n",
      " [-1800008.57480619  2400002.50096852  1800008.57480619 -2400002.50096852]\n",
      " [ 2400002.50096852 -3199991.42519381 -2400002.50096852  3199991.42519381]]\n",
      "k2 = \n",
      "[[ 5000000.        0. -5000000.       -0.]\n",
      " [       0.        0.       -0.       -0.]\n",
      " [-5000000.       -0.  5000000.        0.]\n",
      " [      -0.       -0.        0.        0.]]\n",
      "k3 = \n",
      "[[ 3199999.80277869  2400000.05752287 -3199999.80277869 -2400000.05752287]\n",
      " [ 2400000.05752287  1800000.19722131 -2400000.05752287 -1800000.19722131]\n",
      " [-3199999.80277869 -2400000.05752287  3199999.80277869  2400000.05752287]\n",
      " [-2400000.05752287 -1800000.19722131  2400000.05752287  1800000.19722131]]\n",
      "K = \n",
      "[[ 1.80000857e+06 -2.40000250e+06  0.00000000e+00  0.00000000e+00\n",
      "   0.00000000e+00  0.00000000e+00 -1.80000857e+06  2.40000250e+06]\n",
      " [-2.40000250e+06  3.19999143e+06  0.00000000e+00  0.00000000e+00\n",
      "   0.00000000e+00  0.00000000e+00  2.40000250e+06 -3.19999143e+06]\n",
      " [ 0.00000000e+00  0.00000000e+00  5.00000000e+06  0.00000000e+00\n",
      "   0.00000000e+00  0.00000000e+00 -5.00000000e+06  0.00000000e+00]\n",
      " [ 0.00000000e+00  0.00000000e+00  0.00000000e+00  0.00000000e+00\n",
      "   0.00000000e+00  0.00000000e+00  0.00000000e+00  0.00000000e+00]\n",
      " [ 0.00000000e+00  0.00000000e+00  0.00000000e+00  0.00000000e+00\n",
      "   3.19999980e+06  2.40000006e+06 -3.19999980e+06 -2.40000006e+06]\n",
      " [ 0.00000000e+00  0.00000000e+00  0.00000000e+00  0.00000000e+00\n",
      "   2.40000006e+06  1.80000020e+06 -2.40000006e+06 -1.80000020e+06]\n",
      " [-1.80000857e+06  2.40000250e+06 -5.00000000e+06  0.00000000e+00\n",
      "  -3.19999980e+06 -2.40000006e+06  1.00000084e+07 -2.44344564e+00]\n",
      " [ 2.40000250e+06 -3.19999143e+06  0.00000000e+00  0.00000000e+00\n",
      "  -2.40000006e+06 -1.80000020e+06 -2.44344564e+00  4.99999162e+06]]\n",
      "d =\n",
      "[0.000000e+00 0.000000e+00 0.000000e+00 0.000000e+00 0.000000e+00\n",
      " 0.000000e+00 3.999997e-03 2.000000e-09]\n",
      "reaction =\n",
      "[ -7200.02357592   9599.99570618 -19999.98324485      0.\n",
      " -12799.99317924  -9599.99570618      0.              0.        ]\n"
     ]
    }
   ],
   "source": [
    "'''单元刚度'''\n",
    "# k = stiffness(EA, L, theta)\n",
    "k1 = stiffness(800*2.5e4, 4, -53.13, degree=True)\n",
    "k2 = stiffness(480*2.5e4, 2.4, 0, degree=True)\n",
    "k3 = stiffness(600*2.5e4, 3, 36.8699, degree=True)\n",
    "\n",
    "print(f'k1 = \\n{np.round(k1, 9)}')\n",
    "print(f'k2 = \\n{np.round(k2, 9)}')\n",
    "print(f'k3 = \\n{np.round(k3, 9)}')\n",
    "\n",
    "'''组装总体刚度'''\n",
    "# 单元的全局刚度矩阵列表\n",
    "ke_list = [k1, k2, k3]\n",
    "\n",
    "# 每个单元连接的节点\n",
    "connectivity = [(1, 4), (2, 4), (3, 4)]\n",
    "\n",
    "# 总体全局刚度矩阵\n",
    "K = assemble_K(ke_list, connectivity, n_nodes=4, numbering=\"one\")\n",
    "\n",
    "print(f'K = \\n{np.round(K, 9)}')\n",
    "\n",
    "'''边界条件'''\n",
    "# 位移边界条件\n",
    "disp_bc = {\n",
    "    dof(1, \"u\"): 0.0,\n",
    "    dof(1, \"v\"): 0.0,\n",
    "    dof(2, \"u\"): 0.0,\n",
    "    dof(2, \"v\"): 0.0,\n",
    "    dof(3, \"u\"): 0.0,\n",
    "    dof(3, \"v\"): 0.0\n",
    "}\n",
    "\n",
    "# 受力边界条件\n",
    "force_bc = {\n",
    "    dof(4, \"u\"): 40e3,\n",
    "\n",
    "}\n",
    "\n",
    "'''求解'''\n",
    "d, reaction, free_dofs, fixed_dofs = solve_structure(\n",
    "    K,\n",
    "    force_bc=force_bc,\n",
    "    disp_bc=disp_bc\n",
    ")\n",
    "\n",
    "print(\"d =\")\n",
    "print(np.round(d, 9))\n",
    "\n",
    "print(\"reaction =\")\n",
    "print(np.round(reaction, 9))\n"
   ]
  },
  {
   "cell_type": "code",
   "execution_count": 4,
   "id": "dd233606-adca-468b-83f9-3bec86a5c281",
   "metadata": {},
   "outputs": [
    {
     "name": "stdout",
     "output_type": "stream",
     "text": [
      "杆 1 (1-4): 伸缩量 = 2.400002142e-03, 应变 = 6.000005355e-04, 应力 = 1.500001339e+07, 轴力 = 1.200001071e+04, 受拉\n",
      "杆 2 (2-4): 伸缩量 = 3.999996649e-03, 应变 = 1.666665270e-03, 应力 = 4.166663176e+07, 轴力 = 1.999998324e+04, 受拉\n",
      "杆 3 (3-4): 伸缩量 = 3.199998393e-03, 应变 = 1.066666131e-03, 应力 = 2.666665328e+07, 轴力 = 1.599999197e+04, 受拉\n"
     ]
    }
   ],
   "source": [
    "'''杆状态'''\n",
    "EA_list = [\n",
    "    800*2.5e4,\n",
    "    480*2.5e4,\n",
    "    600*2.5e4\n",
    "]\n",
    "\n",
    "L_list = [4, 2.4, 3]\n",
    "theta_list = [-53.13, 0, 36.8699]\n",
    "\n",
    "results = bar_results_2d(\n",
    "    d,\n",
    "    connectivity,\n",
    "    EA_list=EA_list,\n",
    "    L_list=L_list,\n",
    "    theta_list=theta_list,\n",
    "    A_list=[800e-6, 480e-6, 600e-6],   # 如果不需要应力，可以删掉这一行\n",
    "    degree=True,\n",
    "    numbering=\"one\"\n",
    ")\n",
    "\n",
    "for r in results:\n",
    "    stress_text = \"None\" if r[\"stress\"] is None else f\"{r['stress']:.9e}\"\n",
    "\n",
    "    print(\n",
    "        f\"杆 {r['element']} ({r['node_i']}-{r['node_j']}): \"\n",
    "        f\"伸缩量 = {r['elongation']:.9e}, \"\n",
    "        f\"应变 = {r['strain']:.9e}, \"\n",
    "        f\"应力 = {stress_text}, \"\n",
    "        f\"轴力 = {r['force']:.9e}, \"\n",
    "        f\"{r['state']}\"\n",
    "    )"
   ]
  },
  {
   "cell_type": "markdown",
   "id": "209dc359-27ac-4d48-9a1b-c4235153cd54",
   "metadata": {},
   "source": [
    "# 2维 Plane Beam (弯曲和横向位移 θ，v)"
   ]
  },
  {
   "cell_type": "code",
   "execution_count": 49,
   "id": "0e1a148e-d255-4842-a3bb-7d01d586abe3",
   "metadata": {},
   "outputs": [
    {
     "name": "stdout",
     "output_type": "stream",
     "text": [
      "k1 = \n",
      "[[  72000.  108000.  -72000.  108000.]\n",
      " [ 108000.  216000. -108000.  108000.]\n",
      " [ -72000. -108000.   72000. -108000.]\n",
      " [ 108000.  108000. -108000.  216000.]]\n",
      "k2 = \n",
      "[[  72000.  108000.  -72000.  108000.]\n",
      " [ 108000.  216000. -108000.  108000.]\n",
      " [ -72000. -108000.   72000. -108000.]\n",
      " [ 108000.  108000. -108000.  216000.]]\n",
      "K = \n",
      "[[  72000.  108000.  -72000.  108000.       0.       0.]\n",
      " [ 108000.  216000. -108000.  108000.       0.       0.]\n",
      " [ -72000. -108000.  144000.       0.  -72000.  108000.]\n",
      " [ 108000.  108000.       0.  432000. -108000.  108000.]\n",
      " [      0.       0.  -72000. -108000.   72000. -108000.]\n",
      " [      0.       0.  108000.  108000. -108000.  216000.]]\n",
      "d =\n",
      "[0.0000e+00 0.0000e+00 0.0000e+00 3.9097e-05 0.0000e+00 0.0000e+00]\n",
      "reaction =\n",
      "[38.0125 21.1125 33.79    0.     -4.2225  4.2225]\n"
     ]
    }
   ],
   "source": [
    "'''变量定义'''\n",
    "#k = stiffness_beam(EI, L)\n",
    "\n",
    "# 单元全局刚度矩阵\n",
    "k1 = stiffness_beam(162000, 3)\n",
    "k2 = stiffness_beam(162000, 3)\n",
    "\n",
    "print(f'k1 = \\n{np.round(k1, 9)}')\n",
    "print(f'k2 = \\n{np.round(k2, 9)}')\n",
    "\n",
    "'''组装总体刚度'''\n",
    "# 单元的全局刚度矩阵列表\n",
    "ke_list = [k1, k2]\n",
    "\n",
    "# 每个单元连接的节点\n",
    "connectivity = [(1, 2), (2, 3)]\n",
    "\n",
    "# 总体全局刚度矩阵\n",
    "K = assemble_K(ke_list, connectivity, n_nodes=3, numbering=\"one\")\n",
    "\n",
    "print(f'K = \\n{np.round(K, 9)}')\n",
    "\n",
    "'''边界条件'''\n",
    "disp_bc = {\n",
    "    dof_beam(1, \"v\"): 0.0,\n",
    "    dof_beam(1, \"theta\"): 0.0,\n",
    "    \n",
    "    dof_beam(2, \"v\"): 0.0,\n",
    "\n",
    "    dof_beam(3, \"v\"): 0.0,\n",
    "    dof_beam(3, \"theta\"): 0.0\n",
    "}\n",
    "\n",
    "force_bc = {\n",
    "    dof_beam(1, \"v\"): -33.79,\n",
    "    dof_beam(1, \"theta\"): -16.89,\n",
    "    dof_beam(2, \"v\"): -33.79,\n",
    "    dof_beam(2, \"theta\"): 16.89\n",
    "}\n",
    "\n",
    "'''求解'''\n",
    "d, reaction, free_dofs, fixed_dofs = solve_structure(\n",
    "    K,\n",
    "    force_bc=force_bc,\n",
    "    disp_bc=disp_bc\n",
    ")\n",
    "\n",
    "print(\"d =\")\n",
    "print(np.round(d, 9))\n",
    "\n",
    "print(\"reaction =\")\n",
    "print(np.round(reaction, 9))\n"
   ]
  }
 ],
 "metadata": {
  "kernelspec": {
   "display_name": "Python [conda env:base] *",
   "language": "python",
   "name": "conda-base-py"
  },
  "language_info": {
   "codemirror_mode": {
    "name": "ipython",
    "version": 3
   },
   "file_extension": ".py",
   "mimetype": "text/x-python",
   "name": "python",
   "nbconvert_exporter": "python",
   "pygments_lexer": "ipython3",
   "version": "3.13.9"
  }
 },
 "nbformat": 4,
 "nbformat_minor": 5
}
