{
 "cells": [
  {
   "cell_type": "code",
   "execution_count": 12,
   "id": "390c496f-74d5-4bdb-8db2-47a457016a88",
   "metadata": {},
   "outputs": [],
   "source": [
    "%reset -f\n",
    "\n",
    "import numpy as np\n",
    "pi = np.pi\n",
    "\n",
    "%run \"u_v_theta 函数定义.ipynb\"\n"
   ]
  },
  {
   "cell_type": "code",
   "execution_count": 13,
   "id": "9b190d95-c978-4b5b-b687-f88777bdfe18",
   "metadata": {},
   "outputs": [
    {
     "name": "stdout",
     "output_type": "stream",
     "text": [
      "k1 = \n",
      "[[ 1.29024e+07  5.10000e-08 -1.61280e+07 -1.29024e+07 -5.10000e-08\n",
      "  -1.61280e+07]\n",
      " [ 5.10000e-08  8.40000e+08  1.00000e-09 -5.10000e-08 -8.40000e+08\n",
      "   1.00000e-09]\n",
      " [-1.61280e+07  1.00000e-09  2.68800e+07  1.61280e+07 -1.00000e-09\n",
      "   1.34400e+07]\n",
      " [-1.29024e+07 -5.10000e-08  1.61280e+07  1.29024e+07  5.10000e-08\n",
      "   1.61280e+07]\n",
      " [-5.10000e-08 -8.40000e+08 -1.00000e-09  5.10000e-08  8.40000e+08\n",
      "  -1.00000e-09]\n",
      " [-1.61280e+07  1.00000e-09  1.34400e+07  1.61280e+07 -1.00000e-09\n",
      "   2.68800e+07]]\n",
      "k2 = \n",
      "[[ 8.40000e+08  0.00000e+00  0.00000e+00 -8.40000e+08  0.00000e+00\n",
      "   0.00000e+00]\n",
      " [ 0.00000e+00  1.29024e+07  1.61280e+07  0.00000e+00 -1.29024e+07\n",
      "   1.61280e+07]\n",
      " [ 0.00000e+00  1.61280e+07  2.68800e+07  0.00000e+00 -1.61280e+07\n",
      "   1.34400e+07]\n",
      " [-8.40000e+08  0.00000e+00  0.00000e+00  8.40000e+08  0.00000e+00\n",
      "   0.00000e+00]\n",
      " [ 0.00000e+00 -1.29024e+07 -1.61280e+07  0.00000e+00  1.29024e+07\n",
      "  -1.61280e+07]\n",
      " [ 0.00000e+00  1.61280e+07  1.34400e+07  0.00000e+00 -1.61280e+07\n",
      "   2.68800e+07]]\n",
      "K = \n",
      "[[ 1.290240e+07  5.100000e-08 -1.612800e+07 -1.290240e+07 -5.100000e-08\n",
      "  -1.612800e+07  0.000000e+00  0.000000e+00  0.000000e+00]\n",
      " [ 5.100000e-08  8.400000e+08  1.000000e-09 -5.100000e-08 -8.400000e+08\n",
      "   1.000000e-09  0.000000e+00  0.000000e+00  0.000000e+00]\n",
      " [-1.612800e+07  1.000000e-09  2.688000e+07  1.612800e+07 -1.000000e-09\n",
      "   1.344000e+07  0.000000e+00  0.000000e+00  0.000000e+00]\n",
      " [-1.290240e+07 -5.100000e-08  1.612800e+07  8.529024e+08  5.100000e-08\n",
      "   1.612800e+07 -8.400000e+08  0.000000e+00  0.000000e+00]\n",
      " [-5.100000e-08 -8.400000e+08 -1.000000e-09  5.100000e-08  8.529024e+08\n",
      "   1.612800e+07  0.000000e+00 -1.290240e+07  1.612800e+07]\n",
      " [-1.612800e+07  1.000000e-09  1.344000e+07  1.612800e+07  1.612800e+07\n",
      "   5.376000e+07  0.000000e+00 -1.612800e+07  1.344000e+07]\n",
      " [ 0.000000e+00  0.000000e+00  0.000000e+00 -8.400000e+08  0.000000e+00\n",
      "   0.000000e+00  8.400000e+08  0.000000e+00  0.000000e+00]\n",
      " [ 0.000000e+00  0.000000e+00  0.000000e+00  0.000000e+00 -1.290240e+07\n",
      "  -1.612800e+07  0.000000e+00  1.290240e+07 -1.612800e+07]\n",
      " [ 0.000000e+00  0.000000e+00  0.000000e+00  0.000000e+00  1.612800e+07\n",
      "   1.344000e+07  0.000000e+00 -1.612800e+07  2.688000e+07]]\n",
      "d =\n",
      "[ 0.00000e+00  0.00000e+00  0.00000e+00 -5.40400e-06 -1.71290e-05\n",
      "  2.85778e-04  0.00000e+00  0.00000e+00  0.00000e+00]\n",
      "reaction =\n",
      "[-4539.29774463 14388.02135005  3753.69661496     0.\n",
      "     0.             0.          4539.29774463 -4388.02135005\n",
      "  3564.60112173]\n"
     ]
    }
   ],
   "source": [
    "'''变量定义'''\n",
    "# k = stiffness_frame(theta, EA, EI, L, degree=True)\n",
    "\n",
    "# 单元的全局刚度矩阵\n",
    "k1 = stiffness_frame(90, 210e9*0.01, 210e9*0.8e-4, 2.5, degree=True)\n",
    "k2 = stiffness_frame(0, 210e9*0.01, 210e9*0.8e-4, 2.5, degree=True)\n",
    "\n",
    "\n",
    "print(f'k1 = \\n{np.round(k1, 9)}')\n",
    "print(f'k2 = \\n{np.round(k2, 9)}')\n",
    "\n",
    "\n",
    "'''组装总体刚度'''\n",
    "# 单元的全局刚度矩阵列表\n",
    "ke_list = [k1, k2]\n",
    "\n",
    "# 每个单元连接的节点\n",
    "connectivity = [(1, 2), (2, 3)]\n",
    "\n",
    "# 总体全局刚度矩阵\n",
    "K = assemble_K_frame(ke_list, connectivity, n_nodes=3, numbering=\"one\")\n",
    "\n",
    "print(f'K = \\n{np.round(K, 9)}')\n",
    "\n",
    "'''边界条件'''\n",
    "# 位移边界条件\n",
    "disp_bc = {\n",
    "    dof_frame(1, \"u\"): 0.0,\n",
    "    dof_frame(1, \"v\"): 0.0,\n",
    "    dof_frame(1, \"theta\"): 0.0,\n",
    "    \n",
    "    dof_frame(3, \"u\"): 0.0,\n",
    "    dof_frame(3, \"v\"): 0.0,\n",
    "    dof_frame(3, \"theta\"): 0.0\n",
    "}\n",
    "\n",
    "# 受力边界条件\n",
    "force_bc = {\n",
    "    dof_frame(2, \"v\"): -10000,\n",
    "    dof_frame(2, \"theta\"): 15000\n",
    "\n",
    "}\n",
    "\n",
    "'''求解'''\n",
    "d, reaction, free_dofs, fixed_dofs = solve_structure(\n",
    "    K,\n",
    "    force_bc=force_bc,\n",
    "    disp_bc=disp_bc\n",
    ")\n",
    "\n",
    "print(\"d =\")\n",
    "print(np.round(d, 9))\n",
    "\n",
    "print(\"reaction =\")\n",
    "print(np.round(reaction, 9))"
   ]
  },
  {
   "cell_type": "code",
   "execution_count": null,
   "id": "d13b3a72-7d40-4b08-b77b-520b5e4d0c67",
   "metadata": {},
   "outputs": [],
   "source": []
  }
 ],
 "metadata": {
  "kernelspec": {
   "display_name": "Python [conda env:base] *",
   "language": "python",
   "name": "conda-base-py"
  },
  "language_info": {
   "codemirror_mode": {
    "name": "ipython",
    "version": 3
   },
   "file_extension": ".py",
   "mimetype": "text/x-python",
   "name": "python",
   "nbconvert_exporter": "python",
   "pygments_lexer": "ipython3",
   "version": "3.13.9"
  }
 },
 "nbformat": 4,
 "nbformat_minor": 5
}
